796
569
18354
7496
17740
6711
796
220
198
198
10445
73
13090
645
569
18354
7496
513
1058
1279
2954
29
17740
357
4960
1058
10545
230
99
161
254
112
5641
44444
9202
25084
24440
12675
11839
18
837
6578
764
569
18354
7496
286
262
30193
513
1267
837
8811
6412
284
355
569
18354
7496
17740
6711
2354
2869
837
318
257
16106
2597
2488
12
31
2712
2008
983
4166
416
29490
290
6343
13
44206
329
262
14047
44685
764
28728
287
3269
2813
287
2869
837
340
318
262
2368
983
287
262
569
18354
7496
2168
764
12645
278
262
976
21748
286
16106
290
1103
2488
12
31
640
11327
355
663
27677
837
262
1621
4539
10730
284
262
717
983
290
5679
262
366
17871
5321
366